year,co2,co2_growth_prct,co2_growth_abs,co2_per_capita,share_global_co2,cumulative_co2,share_global_cumulative_co2,co2_per_gdp,coal_co2,cement_co2,gas_co2,oil_co2,cement_co2_per_capita,coal_co2_per_capita,gas_co2_per_capita,oil_co2_per_capita,share_global_cement_co2,share_global_coal_co2,share_global_gas_co2,share_global_oil_co2,cumulative_cement_co2,cumulative_coal_co2,cumulative_gas_co2,cumulative_oil_co2,share_global_cumulative_cement_co2,share_global_cumulative_coal_co2,share_global_cumulative_gas_co2,share_global_cumulative_oil_co2,population,gdp,Access to electricity (% of population),Agricultural land (% of land area),Agricultural land (sq. km),"Agriculture, forestry, and fishing, value added (% of GDP)",Arable land (% of land area),CO2 emissions (kg per 2015 US$ of GDP),CO2 emissions (kg per 2017 PPP $ of GDP),CO2 emissions (kg per PPP $ of GDP),CO2 emissions (kt),CO2 emissions (metric tons per capita),CO2 emissions from gaseous fuel consumption (% of total),CO2 emissions from gaseous fuel consumption (kt),CO2 emissions from liquid fuel consumption (% of total),CO2 emissions from liquid fuel consumption (kt),CO2 emissions from solid fuel consumption (% of total),CO2 emissions from solid fuel consumption (kt),CO2 intensity (kg per kg of oil equivalent energy use),Cereal yield (kg per hectare),Electric power consumption (kWh per capita),Electricity production from coal sources (% of total),Electricity production from hydroelectric sources (% of total),Electricity production from natural gas sources (% of total),Electricity production from nuclear sources (% of total),Electricity production from oil sources (% of total),"Electricity production from renewable sources, excluding hydroelectric (% of total)","Electricity production from renewable sources, excluding hydroelectric (kWh)",Energy use (kg of oil equivalent per capita),"Energy use (kg of oil equivalent) per $1,000 GDP (constant 2017 PPP)","Foreign direct investment, net inflows (% of GDP)",Forest area (% of land area),Forest area (sq. km),Methane emissions (% change from 1990),Methane emissions (kt of CO2 equivalent),"Mortality rate, under-5 (per 1,000 live births)",Nitrous oxide emissions (% change from 1990),Nitrous oxide emissions (thousand metric tons of CO2 equivalent),Other greenhouse gas emissions (% change from 1990),"Other greenhouse gas emissions, HFC, PFC and SF6 (thousand metric tons of CO2 equivalent)",Population growth (annual %),Population in urban agglomerations of more than 1 million (% of total population),"Population, total",Renewable electricity output (% of total electricity output),Renewable energy consumption (% of total final energy consumption),"School enrollment, primary and secondary (gross), gender parity index (GPI)",Total greenhouse gas emissions (% change from 1990),Total greenhouse gas emissions (kt of CO2 equivalent),Urban population,Urban population (% of total population),Urban population growth (annual %),iso_code,country
2001,992.56,1.39,13.641,0.923,3.9,19932.284,1.86,0.342,582.912,46.74,43.569,316.115,0.044,0.542,0.04,0.294,6.25,6.43,0.91,3.05,703.752,13468.692,536.138,5094.089,3.69,2.52,0.43,1.35,1075000094.0,2906877974715.2,55.8,60.70483218,1804870.0,21.62050461,53.92356358,1.136719278,0.333841373,0.402153184,953880.0,0.887330155,4.571256028,43604.297,31.24800059,298068.428,67.50127857,643881.196,2.132931139,2423.1,393.8101981,69.41705728,12.52985951,9.509819423,3.311111905,4.554967858,0.677184016,3983000000.0,416.0144408,156.5176515,1.056378305,22.7975676,677815.0,10.66217121,594700.0,88.2,19.42506928,185000.0,-34.80741606,-120522.7266,1.72876857,12.56137965,1075000094.0,13.20704353,51.85850143,0.809880018,35.19092885,1741320.0,300118526.0,27.918,2.631895927,IND,India
2002,1023.027,3.07,30.467,0.936,3.93,20955.311,1.91,0.342,599.45,49.111,47.134,324.588,0.045,0.548,0.043,0.297,6.23,6.34,0.96,3.13,752.863,14068.142,583.272,5418.676,3.79,2.59,0.45,1.4,1093317187.0,2989575556471.24,62.3,60.72938494,1805600.0,19.5366997,53.95955186,1.13369386,0.332952842,0.394837447,987530.0,0.903241998,4.776795439,47172.288,28.84309591,284834.225,67.05151813,662153.857,2.144090358,2187.3,410.6447839,69.89346472,11.20700669,10.30053956,3.176074771,4.574759788,0.84815447,5178000000.0,421.2704908,155.2886243,1.011571805,22.86164019,679720.0,10.16830704,589390.0,84.6,15.61236501,179100.0,-19.48849813,-121031.4766,1.689561661,12.65438801,1093317187.0,12.05516116,50.80810165,0.830370009,38.19616575,1763940.0,308796506.0,28.244,2.850502002,IND,India
2003,1059.616,3.58,36.589,0.953,3.87,22014.927,1.96,0.33,626.782,50.88,49.988,329.937,0.046,0.564,0.045,0.297,6.0,6.11,0.98,3.09,803.743,14694.924,633.26,5748.613,3.88,2.65,0.47,1.45,1111523146.0,3212953734998.67,64.02313232,60.62478348,1802490.0,19.58060679,53.74664922,1.081260232,0.317553689,0.369710243,1015890.0,0.913962074,4.92463564,50028.881,28.92551142,293851.378,68.15149947,692344.268,2.15407555,2399.4,430.4831633,67.83142323,12.41509011,11.18590369,2.731866812,4.776311119,1.054334649,6862000000.0,424.2943448,147.4199402,0.605889255,22.92571279,681625.0,11.98803202,598510.0,81.2,20.14158496,186410.0,4.404376004,-126567.2813,1.651491269,12.75500915,1111523146.0,13.46942476,50.82979965,0.915700018,42.45994632,1808910.0,317584393.0,28.572,2.806108442,IND,India
2004,1125.471,6.21,65.855,0.996,3.93,23140.399,2.01,0.326,670.922,55.545,49.585,347.518,0.049,0.594,0.044,0.308,6.13,6.16,0.94,3.16,859.288,15365.846,682.844,6096.131,3.98,2.72,0.48,1.49,1129623466.0,3454210812182.42,64.4,60.66716221,1803750.0,17.81469065,53.70696121,1.07219861,0.314892395,0.357000631,1087190.0,0.962435743,4.564566543,49625.511,27.30510012,296858.318,68.1669595,741104.367,2.1888314,2350.0,451.6115461,67.69168015,13.23292266,11.19561515,2.487021028,4.132949118,1.249577845,8547000000.0,439.7030045,143.863248,0.765601405,22.98978538,683530.0,12.46087241,606520.0,77.8,23.35311063,192800.0,41.10937106,-114430.7031,1.615308295,12.86362663,1129623466.0,14.4825005,50.07279968,0.8520402950039268,50.66868304,1894780.0,326495070.0,28.903,2.767126132,IND,India
2005,1185.953,5.37,60.482,1.033,4.01,24326.352,2.06,0.32,722.497,59.687,50.439,351.646,0.052,0.63,0.044,0.306,6.22,6.24,0.94,3.17,918.974,16088.342,733.283,6447.777,4.07,2.79,0.5,1.54,1147609924.0,3709371084176.35,67.09343719,60.58341377,1801260.0,17.62020695,53.62724885,1.039673742,0.305340215,0.335713818,1137740.0,0.991399583,4.436859212,50479.922,26.36911228,300011.938,70.14530666,798071.212,2.204257098,2411.6,468.025754,66.85963647,15.07847346,10.54515018,2.420716098,3.544440346,1.540544619,11025000000.0,449.765857,138.5229588,0.88610072,23.05385798,685435.0,13.81573825,621230.0,74.5,23.57866684,202260.0,-19.09039527,-116803.8906,1.579709143,12.97904888,1147609924.0,16.61901808,48.53239822,0.8956603623847901,52.62387195,1969680.0,335503761.0,29.235,2.721831742,IND,India
2006,1259.744,6.22,73.791,1.081,4.12,25586.096,2.11,0.313,774.666,64.905,49.442,368.891,0.056,0.665,0.042,0.316,6.2,6.34,0.9,3.29,983.88,16863.009,782.725,6816.669,4.17,2.86,0.51,1.58,1165486291.0,4024058556640.22,67.9,60.50941918,1799060.0,16.80944209,53.36423168,1.026819845,0.301565173,0.321824196,1214250.0,1.041839796,4.075149104,49482.498,26.0985909,316902.14,70.47132938,855698.117,2.235044585,2446.5,509.2140548,66.68824892,15.55627927,10.25660908,2.429877072,3.071012065,1.984145446,15353000000.0,466.1382611,134.9257976,2.130168425,23.11793057,687340.0,14.79470668,630640.0,71.2,25.67922763,211620.0,10.7070012,-135049.1953,1.545696439,13.10259041,1165486291.0,17.54042472,46.0632019,0.9739177302242634,60.93451502,2065570.0,344622641.0,29.569,2.681685772,IND,India
2007,1358.152,7.81,98.408,1.148,4.31,26944.249,2.17,0.312,843.677,68.333,52.696,391.028,0.058,0.713,0.044,0.33,6.09,6.59,0.92,3.48,1052.213,17706.686,835.421,7207.696,4.25,2.94,0.53,1.63,1183209471.0,4355554151801.83,70.13076019,60.4132262,1796200.0,16.75011976,53.14897467,1.04946375,0.308215428,0.320316614,1336100.0,1.129216789,3.94721907,52738.794,25.12832266,335739.519,69.74984754,931927.713,2.327803863,2583.3,541.7383952,65.48205784,15.52570963,11.57179232,2.058980309,2.997706308,2.338376056,19258000000.0,485.0996287,132.4060986,2.073395746,23.18200317,689245.0,16.42288166,642980.0,67.9,27.86807338,220490.0,102.1576192,-97510.39063,1.509221986,13.23435806,1183209471.0,17.86408569,44.90340042,0.942560017,71.69238453,2209240.0,353850624.0,29.906,2.642483378,IND,India
2008,1462.815,7.71,104.662,1.218,4.56,28407.063,2.23,0.318,912.093,73.245,63.047,412.316,0.061,0.76,0.052,0.343,6.43,6.89,1.07,3.68,1125.458,18618.779,898.467,7620.013,4.35,3.03,0.55,1.68,1200669762.0,4601841953785.29,71.6510849,60.45930465,1797570.0,16.79094236,53.13989352,1.084923806,0.318629638,0.324821502,1423880.0,1.185904772,4.431417605,63098.069,28.33125004,403403.003,70.75717399,1007497.249,2.364434229,2637.9,561.2475814,68.44469591,13.76817488,10.24370694,1.759522841,3.0121824,2.741658857,23259000000.0,501.5596362,134.7593578,3.620521897,23.24607576,691150.0,18.03762478,650450.0,64.7,29.68531801,224730.0,13.41217945,-105233.2031,1.464889915,13.37611399,1200669762.0,16.50983374,43.40510178,0.967050016,75.7794302,2309340.0,363154576.0,30.246,2.595371485,IND,India
2009,1612.817,10.25,150.002,1.324,5.1,30019.88,2.3,0.326,985.349,81.268,112.685,431.61,0.067,0.809,0.092,0.354,6.94,7.54,1.96,3.92,1206.726,19604.127,1011.152,8051.623,4.46,3.12,0.6,1.74,1217726217.0,4945730831162.09,75.0,60.56390611,1800680.0,16.74427016,53.11601344,1.108027801,0.325415016,0.329228862,1568530.0,1.288080997,5.817291413,91245.961,28.99761847,454836.345,69.39112449,1088420.605,2.365071783,2580.8,598.4982419,66.96802144,12.33356081,12.6579905,2.031610091,2.649073042,3.326494437,30514000000.0,544.6265973,137.5920249,2.651593127,23.31014836,693055.0,20.87077383,644140.0,61.4,33.58722116,229100.0,66.41280721,-161638.9063,1.410582714,13.5281035,1217726217.0,15.66005525,42.10749817,0.989970028,87.01835222,2452660.0,372465918.0,30.587,2.531696551,IND,India
2010,1677.888,4.03,65.071,1.359,5.03,31697.767,2.36,0.316,1017.376,86.029,134.244,438.373,0.07,0.824,0.109,0.355,6.9,7.28,2.16,3.88,1292.755,20621.503,1145.396,8489.996,4.57,3.21,0.65,1.79,1234281163.0,5314516588695.22,76.3,60.39741826,1795730.0,17.02650901,52.80826318,1.084258529,0.318434254,0.318455483,1665310.0,1.349214466,6.023990668,100318.119,24.87568819,414257.323,65.66539581,1093532.403,2.402218969,2676.4,640.3946068,67.17829809,12.56565137,11.56699503,2.681802217,2.490565807,3.478093068,34065000000.0,561.6534059,132.5583797,1.635034274,23.37422095,694960.0,20.98017535,650140.0,58.2,38.05301485,237170.0,243.2754796,-166579.0938,1.350338314,13.69290807,1234281163.0,16.04374444,41.1128006,0.989049971,99.76308558,2564130.0,381763164.0,30.93,2.465488847,IND,India
2011,1780.13,6.09,102.242,1.424,5.16,33477.897,2.43,0.314,1091.465,91.314,136.364,458.909,0.073,0.873,0.109,0.367,6.8,7.38,2.14,4.05,1384.07,21712.968,1281.76,8948.905,4.67,3.31,0.7,1.84,1250287939.0,5675666756800.0,67.6,60.43004315,1796700.0,17.19197356,52.79817301,1.089335158,0.319925202,0.313399825,1760800.0,1.408315593,5.193320025,91443.979,23.42731508,412508.164,68.76645462,1210839.733,2.436555663,2860.7,696.8426815,66.75997826,13.36223263,10.62719164,3.00473879,2.245155118,3.954730228,42495000000.0,577.9944263,131.3022339,2.002065552,23.46382169,697624.0,22.43199656,653590.0,55.1,39.70965103,244530.0,243.2754796,-185113.8906,1.288512962,13.87071079,1250287939.0,17.31696286,40.57720184,0.998529971,103.8996171,2671200.0,391040056.0,31.276,2.400957295,IND,India
2012,1963.586,10.31,183.456,1.551,5.61,35441.483,2.51,0.33,1247.112,100.237,125.605,488.554,0.079,0.985,0.099,0.386,7.27,8.34,1.93,4.25,1484.307,22960.08,1407.365,9437.459,4.79,3.42,0.75,1.9,1265780243.0,5949387825048.0,79.9,60.42062566,1796420.0,16.84537707,52.65253818,1.119661355,0.328831657,0.310177441,1908570.0,1.507820975,4.094746538,78151.104,22.81065096,435357.241,71.44345143,1363548.281,2.516576537,2963.5,723.2369166,71.63605506,11.08936476,7.613470116,2.926497419,2.037845188,4.643608605,52150000000.0,599.1556198,130.6662651,1.312934337,23.55342242,700288.0,23.88375936,650410.0,52.0,41.36628721,241950.0,243.2754796,-165148.3906,1.231484894,14.06131206,1265780243.0,15.73297336,39.34609985,1.003399968,116.4448552,2814000.0,400416922.0,31.634,2.369630953,IND,India
2013,2036.937,3.74,73.351,1.59,5.77,37478.42,2.59,0.322,1320.664,107.82,110.689,495.642,0.084,1.031,0.086,0.387,7.49,8.78,1.69,4.28,1592.127,24280.745,1518.054,9933.102,4.91,3.54,0.78,1.95,1280842119.0,6320316113568.0,80.73804474,60.43946065,1796980.0,17.14842354,52.61755892,1.084566258,0.318524631,0.303636382,1966810.0,1.535560059,5.180161175,101883.928,23.44776165,461172.921,67.42655442,1326152.215,2.534788993,2969.9,764.2011341,72.52273811,12.3886605,5.241437102,2.874003318,1.956334092,4.960653326,59079000000.0,605.7940378,125.6612016,1.516275965,23.64302315,702952.0,115.08114984833075,653530.0,49.1,-301.73949814052287,241810.0,10701.83716069359,-176528.2031,1.182904215,14.26399408,1280842119.0,17.34931383,38.18289948,1.07249999,404.857818472964,2875980.0,409907903.0,32.003,2.342619835,IND,India
2014,2185.856,7.31,148.919,1.687,6.15,39664.276,2.68,0.324,1447.723,115.825,109.468,511.166,0.089,1.117,0.084,0.394,7.75,9.61,1.64,4.39,1707.951,25728.467,1627.522,10444.268,5.03,3.67,0.81,2.0,1295600768.0,6754741200528.0,83.58521271,60.44719645,1797210.0,16.79193451,52.62462204,1.097049305,0.322190758,0.315125066,2136870.0,1.649327519,4.33785986,92694.426,23.90953947,510915.776,69.62558523,1487808.243,2.590952711,2960.4,804.5163493,74.49218587,11.08015726,4.636533553,2.790639431,1.767435892,5.173682559,66931000000.0,636.571834,124.352234,1.695658786,23.73262388,705616.0,125.74116958493585,653670.0,46.2,-343.7803792469291,243620.0,11860.420487093834,-176513.4219,1.145673402,14.4775828,1295600768.0,16.25383982,36.05379868,1.069620013,449.41319579525,3048790.0,419567353.0,32.384,2.329156081,IND,India
2015,2268.567,3.78,82.712,1.732,6.39,41932.844,2.76,0.312,1487.726,117.508,106.871,554.789,0.09,1.136,0.082,0.424,8.18,10.11,1.57,4.67,1825.459,27216.193,1734.393,10999.057,5.16,3.8,0.83,2.06,1310152392.0,7259602584350.0,88.0,60.43138851,1796740.0,16.17450811,52.6088141,1.022167929,0.300198959,0.300318514,2150220.0,1.641198393,4.603916436,98994.332,27.87231748,599316.145,69.20933398,1488152.941,1.166868031806004,2856.7,-366.6006163907566,75.30939896,9.982039098,4.923196173,104.6064239743692,1.659503516,5.361011248,74143000000.0,631.2323954867172,-1163.3023334966133,2.092115758,23.82222461,708280.0,144.67854831648566,652000.0,43.5,-389.05721890626046,246030.0,13930.348851066934,-254017.2031,1.116895913,14.7012624,1310152392.0,15.34305035,34.39590073,1.070180058,512.3755044911959,3063650.0,429428650.0,32.777,2.323153578,IND,India
2016,2382.223,5.01,113.656,1.799,6.72,44315.067,2.85,0.307,1530.271,123.281,113.622,613.166,0.093,1.155,0.086,0.463,8.34,10.66,1.63,5.13,1948.741,28746.464,1848.015,11612.222,5.29,3.93,0.86,2.13,1324517250.0,7767449564875.0,89.53488159,60.43138851,1796740.0,16.36380056,52.6088141,0.958728391,0.281567497,0.282259796,2183280.0,1.648359053,4.389254287,95829.711,29.72391649,648956.324,69.46453016,1516605.194,2.32445015506131,3008.0,1106.7632786090733,-94.54892037615424,172.81610387118164,72.98787257027814,-57.65133350476881,2.165453054306475,0.3918731147965459,2000476499.652968,653.8480152359862,-1532.0988867123342,1.937363198,23.91182535,710944.0,-6.093848331822869,657690.0,40.9,547.3681654172544,245150.0,-14256.26340441942,-333368.1094,1.090459321,14.93507593,1324517250.0,1347.1355669743225,33.56290054,1.095190048,-271.92612910122125,3103110.0,439501314.0,33.182,2.318510266,IND,India
2017,2433.856,2.17,51.633,1.818,6.77,46748.923,2.94,0.294,1561.224,121.047,118.922,631.087,0.09,1.166,0.089,0.471,8.07,10.8,1.67,5.2,2069.788,30307.687,1966.937,12243.31,5.4,4.07,0.88,2.2,1338676779.0,8275647103924.94,92.45683289,60.43138851,1796740.0,16.5583314,52.6088141,0.946309783,0.277920295,0.277920295,2301440.0,1.7191902,13.897729958101696,196517.93856576624,-45.93972322131948,709144.935710564,101.97702934032353,1855597.5727167928,2.0060519010934392,3162.6,1238.1284875964018,-172.63936295070727,233.7519333405268,86.5787327424255,-48.53783237019114,-2.550412749628528,0.7215112895428122,2050568816.1038065,672.493704042844,-1807.6025083234492,1.507316581,24.00142608,713608.0,-9.812692857599984,661610.0,38.5,606.2320491194465,248300.0,-15437.040550209063,-508526.2571405012,1.06335943,15.17952565,1338676779.0,1494.118714174601,32.21210098,1.084020019,-289.5548629354912,3229920.0,449795398.0,33.6,2.315210138,IND,India
2018,2599.806,6.82,165.95,1.922,7.09,49348.729,3.04,0.294,1677.771,138.965,126.201,655.19,0.103,1.24,0.093,0.484,8.87,11.4,1.69,5.37,2208.753,31985.458,2093.138,12898.5,5.53,4.21,0.91,2.27,1352642283.0,8835757694781.25,95.19329834,60.43138851,1796740.0,15.97015748,52.6088141,0.939643053,0.275962353,0.268424377,2434520.0,1.799825446,14.863340579212554,212222.71786339057,-53.03644382927564,750416.796545906,105.16578967922186,1975004.9758302248,2.0702031894554977,3247.9,1318.5550257574762,-198.97591718623767,257.476492501289,94.4933938041761,-53.311226718929845,-3.387794314918459,0.7589558145393454,2100413262.199284,696.6802372825268,-1996.6050637353744,1.559263523,24.09102681,716272.0,-11.732153489003764,666510.0,36.3,663.5391019859645,253790.0,-16913.1799815213,-544560.995020272,1.037827848,15.43479585,1352642283.0,1640.697245658965,31.68919945,0.4822121556223173,-320.23241306474256,3374990.0,460304169.0,34.03,2.309469966,IND,India
2019,2625.968,1.01,26.162,1.922,7.15,51974.697,3.13,1.533458923859624,1677.934,143.664,128.68,674.011,0.105,1.228,0.094,0.493,8.93,11.51,1.7,5.51,2352.417,33663.393,2221.818,13572.511,5.66,4.35,0.93,2.33,1366417756.0,3021174373134.273,97.81528473,61.2393569932311,1820738.145523767,16.6774624,53.77591202298268,0.2207861677150226,-4.499223346885173,-5.122995942593649,565512.0363813803,0.2809617333605789,-5.343957670655804,-32604.645248108747,1.444688210225845,216103.05516899005,124.59287112383552,478587.1303492498,1.1743242654343256,2432.0806760180694,277.98321764281053,-184.35365695420185,269.02455256823663,35.23318034587151,-42.871186411551065,20.744554156942836,0.2894991288567172,2149933498.4614563,299.89911618162967,-2169.1113470168207,1.763127508,24.18062754,718936.0,-76.10485541573436,410947.1092479595,34.3,297.603264297562,141223.04896444484,-16996.31658404931,109776.29392602204,1.013261249,15.67452077,1366417756.0,1652.0537777908105,-245.5085418879944,1.020169973,-594.4781126109997,967874.0091424535,471031529.0,34.472,2.303752441,IND,India
2020,2441.792,-7.01,-184.176,1.769,7.02,54416.489,3.21,1.5319336080094748,1587.552,122.908,126.984,602.67,0.089,1.15,0.092,0.437,7.56,11.36,1.72,5.44,2475.325,35250.945,2348.802,14175.181,5.73,4.47,0.96,2.39,1380004385.0,3056885389464.057,725.2790124720267,60.963811638769336,1813011.9913688328,18.31898773,53.25101685198503,0.214971717286847,-4.939309512205647,-5.616551945449637,564000.660972728,0.2401771790359834,-5.705063931649317,-33748.480213086645,-1.7131742268906862,220613.5223018157,130.26752225357336,492834.5586217527,1.1992848663101583,2460.6244449502738,282.5648287191635,-208.4345416264838,292.65504753838053,38.68686486978468,-47.09864471219075,21.770537375538613,0.2947283944183976,2199318178.275709,294.6388462136384,-2390.818413003842,3.086392209788933,24.27022827,721600.0,-83.4920665921305,396961.66198435467,-107.74115940275846,330.0700051265716,137851.44456552033,-18713.91701637329,115546.7972266416,0.9894138,15.91952818,1380004385.0,1806.0285326038795,-276.2929892796683,1.007380009,-652.0417055984772,932066.334110258,481980332.0,34.926,2.297827591,IND,India
